    0.1110
   10.7260
   11.3434
   13.8835
   11.1127
    7.7482
    7.8811
    6.5545
    6.1272
    5.4288
    3.3746
    3.4114
    2.5937
    2.7103
    2.0702
    1.0556
    0.0345
    1.6840
    2.3421
    2.7944
    3.9006
    5.6764
    5.3926
    5.4519
    5.3275
    4.8333
    5.4225
    4.6523
    5.2745
    3.9265
    3.7734
    3.4106
    3.9683
    4.8138
    4.0810
    3.1463
    2.5351
    2.4478
    2.3347
    2.5005
    3.0126
    2.8981
    2.5202
    2.7250
    2.7599
    2.7740
    1.1447
    2.5173
    2.0013
    6.6686
    7.9972
    8.7118
   10.6878
    9.4860
    8.6011
    8.5044
    8.9499
    6.9287
    7.1884
   10.3841
   13.2564
   14.0961
   15.8487
   16.5619
   17.9371
   16.9410
   16.1061
   15.5752
   14.1129
   13.8710
   11.3839
   12.8464
   10.7453
   10.5807
   11.2881
   10.2886
   11.8478
    9.9173
   15.2432
   14.0908
   15.5951
   15.0576
   13.0458
   13.4484
   20.3808
   23.1927
   21.6993
   21.4388
   20.8912
   25.7878
   19.5410
   21.2261
   17.6608
   11.8524
   12.8173
   10.7400
   13.6267
   12.3171
   18.8048
   22.5289
   23.9824
   26.2449
   29.6281
   29.4702
   21.1127
   19.3878
   25.5626
   28.9906
   29.3251
   24.5773
   26.1717
   30.3678
   32.3993
   33.2802
   26.3310
   20.4198
   25.1787
   22.7417
   19.8899
   16.2870
   13.9349
   12.8551
   10.7144
   13.2703
   22.3308
   18.1295
   14.7349
   12.3370
   12.0772
   14.9786
   17.0883
   15.9595
   18.8612
   18.4334
   12.5025
    7.3270
    8.0443
    0.0367
   11.2855
   11.0376
    9.6038
    8.0691
    7.4338
    6.7201
    7.8918
    7.3926
    6.6455
    6.6477
    6.6961
    5.6407
    7.6043
    4.9134
    7.8026
    7.5954
    9.1839
   12.2963
   16.1014
   19.6435
   22.0384
   24.8660
   28.4923
   28.4711
   26.6241
   17.3532
   13.2056
   14.5438
   15.7008
   16.1138
   25.1484
   31.5544
   30.4901
   31.9989
   29.0710
   20.5034
   15.9084
   11.5695
    9.4101
    8.0015
    5.8298
    4.6749
    3.7264
    4.8251
    4.9762
    7.5082
    9.6020
   11.7293
   12.6792
   14.7305
   16.1421
   20.8335
   15.5174
   15.9234
   17.1053
   18.3712
   20.6720
   10.7565
   17.8274
   19.1258
   13.6075
   16.3329
   15.5225
   17.1881
   13.8444
   11.4017
   21.1515
   20.6642
   19.9451
   16.2666
   18.0147
   17.2577
   15.1587
    9.3776
   18.8112
   12.7078
    8.3698
   12.8911
   15.8862
   18.4848
   10.9097
   14.7748
   15.5475
   20.1122
   17.5758
   16.7617
   17.7410
   16.7363
   16.8306
   14.4623
   12.2055
    8.7125
    5.4820
   15.6342
   13.3650
   14.4670
   11.6997
    8.1573
    4.5565
    6.2495
    8.0631
    7.9087
    9.2073
    6.5893
   10.8852
    9.7320
    4.2962
    6.3901
    6.5965
    6.6701
    6.6676
    6.9458
    6.6893
    8.9653
    9.3293
    5.6564
    2.7338
    4.4551
    6.2446
    0.0656
    7.3025
    6.5413
    5.9343
    6.3220
    8.9733
   11.9167
    5.4390
    4.8173
    5.9043
    4.9063
    9.4896
    7.6065
    4.4458
    6.7813
    8.6594
   10.6009
    6.6506
    6.1655
    6.4386
    6.3668
   10.5651
   12.3286
    6.3840
    8.0966
   10.4327
    9.8263
   10.6127
    8.8930
    6.0631
    7.9119
    6.3505
    6.6082
    5.1929
    9.9062
    9.2813
   11.1917
   10.6596
    7.9360
    9.1252
   10.2385
   15.6252
    8.1250
    6.7172
    8.0866
    8.9249
   11.9690
   13.2314
   10.0794
    8.9813
    7.9551
    9.1502
    5.0580
    7.5410
    6.8613
    6.4325
   11.9595
   13.3050
    6.6005
    6.5671
    8.5161
   10.7657
   10.1009
   10.5404
    5.2150
    7.9521
   10.9649
   11.5053
    8.9364
    8.2846
   11.3005
    8.0230
    7.2940
    5.4952
    9.2092
    8.3751
   10.1257
    6.7566
    6.6337
    7.0535
    5.3352
    5.3723
    8.4623
    9.3395
    7.6388
   10.5629
   10.0689
   10.7993
    6.6566
    8.0221
    9.2606
    8.5194
   11.9791
   10.6552
    5.8795
    6.6611
    5.9854
    7.7514
    9.0258
    5.2661
    8.9621
    6.5519
    6.9516
   11.3757
   13.4432
   10.1214
    5.2814
    5.4150
    5.6783
    9.9304
   16.6232
   12.6441
    8.8639
   10.7094
   11.4255
   15.1415
   15.7799
    6.4732
    6.0578
   10.7248
   12.1318
    0.0365
   19.7050
   13.4254
    5.3389
    4.3398
    5.1912
    7.7441
   10.8577
    5.7111
    5.4282
    5.2565
    8.8357
    7.7527
    7.3454
    4.4157
    6.3118
    5.8178
    8.7028
   11.0037
    9.2350
    6.1874
    4.9794
    6.2571
   10.6782
   17.0064
   10.3783
    6.8621
    7.5145
   12.4443
   16.6420
   14.4966
    8.6519
    6.5971
    7.9625
    9.2872
   15.9391
   10.8635
    6.9196
    4.7773
    5.8252
    9.6172
   16.2205
   15.5835
   11.4323
    7.0738
    4.3766
   10.1700
   17.1854
   12.2735
    6.0170
    4.6792
    4.8731
    7.9617
   18.6302
   20.0992
    5.4635
    7.1661
    6.1804
    7.0404
   10.2868
    5.5310
    9.4238
    6.3348
    5.3030
    7.1216
   14.7188
   17.5778
   11.6983
    7.7784
    6.7430
    6.4826
    9.6127
    6.8312
    8.1700
    4.6261
    6.8874
    5.3848
   16.1179
   14.5401
    9.8852
    7.0798
    6.7614
    9.6801
   13.1352
   10.6315
    6.6042
    7.2619
    9.0749
    9.0979
   13.4563
   10.4304
    8.5765
    8.9011
   11.9655
   12.8529
   14.0711
   14.0447
   10.9789
    9.8086
    5.2645
   10.5878
   11.7804
    8.6588
   10.5187
    6.8017
    7.8064
    9.9865
   10.0408
   13.5184
   10.3881
   14.2088
   13.9889
   13.6609
    8.1518
    8.6928
    6.7571
    6.8819
   10.0764
   15.5193
   14.6481
   12.6981
    0.0058
    9.1276
    7.1674
   13.0850
    6.5312
    9.0114
    6.5122
    7.0484
   10.4272
   13.8707
   10.9133
   11.1804
    6.0078
    6.2135
   11.2442
    8.1033
   11.6340
    6.8763
    7.5328
   14.1856
   11.2910
   15.9327
    9.2222
    9.8605
   10.9068
    9.6060
    8.8706
    6.2417
    8.5629
   12.0393
   14.6350
   14.5183
   10.5819
    8.5884
    9.6598
   10.0850
   11.1417
    7.8589
    8.5828
    7.4544
    7.0161
   14.7018
    9.7820
   11.1990
    9.7701
    9.0029
   10.0157
    7.5528
    5.9234
    9.7221
    6.1807
    6.9543
   13.0246
    9.4727
    9.5549
    6.2123
    9.7181
   10.2799
    9.3116
   10.2012
    8.8857
    8.3224
   11.7602
   13.7622
   18.4487
    6.5592
    9.6802
    7.7614
    8.0908
    9.8921
    6.9131
    8.1395
    7.0132
    8.4113
   14.2139
   11.3579
    7.7142
    8.7696
    9.6718
    9.1982
   12.5645
   14.8719
    8.9994
    7.9809
    9.1752
   10.3650
   12.0979
   14.5534
    5.2656
   10.0108
    8.1308
    9.9357
   11.2812
    7.8795
    9.7053
    8.3641
   10.3709
   11.3807
   10.4336
    8.4934
   11.7271
   10.3153
   10.2065
    9.8405
   10.2175
    5.1163
    8.5158
    5.9074
    5.2897
    4.8000
    6.8460
    5.5925
    7.6990
    7.9721
   10.4720
    7.6775
    4.7946
   10.1037
    5.9219
    6.8646
    0.0434
    7.2151
    8.2360
    7.6953
    8.8016
    5.8127
    3.8697
    3.4804
    5.5168
    6.3716
    5.6356
    4.0541
    3.8593
    5.3375
    6.1529
    8.6469
    5.1976
    5.9560
    4.1703
    2.7461
    3.8411
    6.2995
    4.2649
    4.4873
    3.9184
    5.7426
    7.2023
    6.9652
    7.6532
    3.8711
    6.4950
    4.0549
    4.5934
    6.1500
   10.3078
    5.7720
    4.9336
    5.9106
    5.1842
    7.9944
   10.4020
    9.6937
   10.4414
    5.1535
    4.8305
    5.9347
    9.2691
    6.1733
    5.1036
    5.4350
    5.8418
    8.0554
    8.7908
   10.2591
    9.0116
    6.0694
    4.8522
    4.1327
    8.4006
    6.2813
   10.0664
    5.5965
    5.8667
    4.7606
    6.5637
    9.1783
    6.9279
    7.3684
    5.2558
    4.8658
    5.4850
    7.6630
    5.4341
    5.8788
    4.9988
    5.4209
    6.7124
    8.0028
   10.0215
    8.7813
    5.6492
    4.0960
    4.9034
    7.6156
   10.7457
    5.5868
    5.6661
    5.5467
    5.0778
    5.3488
    6.6601
   10.3845
   10.9576
    5.5588
    4.9082
    4.3828
    5.7388
    8.2951
    9.1048
    3.9916
    5.9581
    5.1622
    5.6736
    7.6938
   10.9299
    7.2355
    7.4440
    5.7883
    5.4838
    5.4024
    5.9391
    3.5598
    8.8954
    8.1399
    5.7976
    5.6618
    6.4162
    7.4163
    9.8655
    7.7244
    7.6640
    0.0366
    4.5705
    5.1790
    4.5224
    4.2754
    6.8753
    9.9754
    6.0017
    3.3599
    7.4885
    8.3654
   11.1604
   10.0014
    5.1659
    9.7959
    9.9202
   11.7312
   14.4385
   11.3626
   11.0836
   13.2929
   13.2848
    8.4332
    5.7878
    6.4352
    8.7576
   10.0806
    7.8636
    8.9896
    8.2102
    6.4204
   10.8553
    9.2013
    9.8735
    8.6179
    8.5928
    7.1356
    8.1974
   16.0786
   16.6555
   14.1460
   11.9880
    7.3018
    6.3340
    6.7478
    9.2116
    8.6855
   12.1265
   10.1906
    8.8547
    6.1918
    6.1766
    8.2979
    9.6895
   15.8279
   20.1515
   20.9908
   12.3362
    9.6862
   12.8653
   10.7891
    9.9041
    6.7430
    6.9123
    7.1144
    9.2186
    9.9752
   11.0427
   10.3355
    8.0516
    8.6820
    5.8425
    8.2154
   10.0511
    9.6469
   14.9714
   21.5574
    9.1357
   11.3184
   10.8687
    8.5863
   12.6449
    7.6666
    6.9861
    8.9578
    8.4732
    9.6766
    8.1952
    8.4996
    8.9481
    9.5061
    7.9126
    5.9429
    7.6058
    9.3258
    9.6350
   11.8907
   20.3603
    7.3118
    8.3151
   12.1907
    6.6865
   12.1033
    7.5357
    7.3310
    9.1452
    9.0590
   10.7187
    9.4807
   10.8659
    9.1154
    9.7382
    9.6993
   10.6126
    9.3093
    7.0586
    7.6843
   13.8703
   14.1760
   12.9060
    0.0338
    5.2810
    9.6740
   10.6738
   10.6596
   14.3693
    8.0375
    8.2798
    7.4024
    8.1055
    7.4800
   10.2250
    8.4727
   11.6536
    9.3584
   12.5793
    9.1321
    8.5023
    8.1613
    7.4019
    7.3107
    6.1853
    7.4597
    7.4034
    8.1734
    8.5121
    6.2224
    9.1627
    8.2741
   11.2729
    9.1949
   10.8686
    6.6419
   10.5722
    6.8041
    5.6729
    8.1860
   10.3364
    9.0842
   10.3804
   11.7465
    6.6589
    8.5597
   11.7890
    7.1573
   15.0477
   10.7356
   15.0647
   11.3996
   11.2681
    9.5034
    9.3361
    9.7588
   10.8801
    6.5987
    6.5037
    7.7444
    8.5461
    7.5615
    7.9645
   10.4331
   10.8567
   12.8253
   15.1988
    9.9462
   12.7844
    7.9519
   13.7566
    7.3060
    7.8954
    6.3164
   11.5714
    6.0117
    6.4564
    5.4957
    7.1752
    7.7353
    6.1759
   11.0601
   12.8145
    6.8256
   11.8007
    8.7885
    9.6058
    9.6721
    9.3657
    7.9951
    6.3923
    6.7639
    5.5395
   11.9978
   12.0638
    7.8728
    8.6167
    8.4301
    5.3814
   11.2745
   10.3730
   10.1454
   11.1323
    8.7429
   13.7008
   14.0778
    7.3114
    6.0958
    8.2036
    7.6284
   10.6778
   11.9074
    9.5567
    8.9633
   10.9786
    6.3170
   11.6477
   14.2726
    9.9215
    6.5795
    4.7803
    7.2934
    5.9654
   11.1026
    0.0086
    5.0017
   12.4636
    7.7822
   13.7498
   10.3935
   10.9770
   12.9183
   15.4035
   15.3055
   14.2450
   17.5886
   10.3753
    9.2310
   11.1816
    9.0082
   11.7984
   11.9053
   10.2386
    7.4454
   11.2326
   12.7330
   13.3451
   11.4962
   10.5325
    6.8482
    4.7666
   10.6894
   15.7077
   15.6080
   11.1461
    9.2509
    9.3591
    7.1865
    4.0036
    5.2084
    6.1674
    8.4304
   11.5212
   13.2969
   11.0507
   13.2643
   12.8806
   11.0277
    6.1785
    4.7030
    6.5574
   10.0719
   13.4569
   10.9370
    6.8061
    5.8135
    5.7307
   10.0140
   14.8963
   12.0003
   11.3880
   12.7233
   11.6768
   10.9940
    8.8806
   15.0303
    9.2721
    8.7774
    7.7810
   17.3231
   10.4475
   23.7078
   11.5353
    6.9878
   11.8524
   13.8507
    5.8486
    7.0912
    6.9765
   13.7508
   12.0050
   10.8677
   13.5117
   13.3939
    9.4201
   10.3382
    9.2560
   10.9742
    9.5527
    7.9812
   12.9195
   10.9285
    9.0319
    7.8379
    9.0431
    7.2434
    6.1818
    8.7100
   10.7486
   10.9303
    7.0452
    7.2465
    8.1049
    7.8245
    7.7339
    8.8266
   10.5417
   11.0463
    9.2483
    6.8977
    5.3270
    8.2752
   14.0208
    5.9863
    7.6436
    6.9503
   10.1972
   15.0397
   11.7421
    7.0541
    5.4801
    7.9752
   12.2913
    7.9012
    0.0079
    6.4733
    6.8367
   11.7701
   16.3239
   14.1529
    7.1656
    6.2942
    8.2718
    8.0368
    8.4852
    7.0798
    7.8765
    8.1831
   14.9179
   16.9231
    7.2752
    6.7007
    7.9269
    7.8809
   12.1674
    5.9778
    8.4877
   10.0675
   11.3316
   15.1232
   14.6432
    8.4133
    6.9392
    8.2437
   10.3147
   10.3038
    6.0317
    8.5337
   11.1418
   13.0694
   16.0467
   13.3232
    7.5647
    7.9432
    9.9612
   11.9082
    9.9410
    8.5203
    7.7159
    8.5856
   16.2082
   14.8249
   14.2746
    8.6148
    5.5531
    7.5844
    6.0180
    6.0965
    6.2549
    7.4523
    5.3431
    5.6636
    5.1171
    5.8066
    4.7607
    8.1524
   10.9672
   14.8651
    6.6528
   10.0712
    6.5929
    8.1715
    9.4078
    7.6342
    7.4816
    7.8217
   12.8106
   11.1178
   16.0541
    8.3618
    7.2902
    8.2774
    9.1055
   10.4219
   10.1038
    8.5416
    7.1467
    5.3353
    8.2449
    6.3106
    5.9032
    5.8116
    6.0097
   10.6281
    9.1219
   12.3954
    8.1229
   10.8582
    9.8213
   11.1315
    6.7450
    7.8170
    9.3844
    9.1809
   11.9651
   11.5873
    8.8949
   10.9424
   14.1005
   12.2337
    8.6339
    9.9431
    8.2357
    9.8835
   11.4016
   15.2804
   12.2867
   12.6982
   12.4054
   14.1482
   16.7082
    7.9333
   15.2420
   13.6925
   14.9650
    0.0141
   12.4771
   12.2382
    9.7642
    5.1528
    5.6524
    7.3662
    6.7253
    5.0198
    6.0930
    9.2175
    6.2650
   10.9275
   12.4163
    8.9586
    9.3280
   10.8191
   10.3842
    9.7388
   15.9935
    7.4922
   11.7490
   12.8192
    9.1064
   10.6062
   15.6382
   14.7610
   12.9054
   16.4505
    9.8773
   10.6102
   17.8553
    9.2510
   21.3247
   13.9079
   25.1231
   25.3775
   30.0033
   29.6625
   26.7082
   26.3321
   20.5850
   16.3414
   16.8657
   14.1486
   10.1048
    5.9474
    6.1017
    3.9947
    3.8614
    4.3530
    3.9053
    2.9719
    2.8878
    2.2939
    3.4995
    3.6399
    3.1798
    5.3095
    4.8491
    5.2266
    4.4214
    4.4243
    3.4736
    2.6650
    4.9587
    4.6520
    5.8433
    3.4710
    4.1716
    5.1781
    4.8008
    1.8437
    2.8324
    2.5817
    2.7256
    2.6742
    2.3181
