   60.9606
   90.4331
   89.9833
   89.8722
   89.3635
   89.7975
   90.1076
   89.0798
   89.7921
   90.3689
   89.9006
   89.4772
   89.1744
   88.9661
   89.2720
   90.3419
   58.6397
   89.7117
   89.5695
   88.9675
   89.9477
   90.0360
   89.7618
   89.5084
   88.3140
   90.1953
   88.5887
   88.9349
   90.1250
   88.1012
   88.1340
   87.6635
   88.8171
   88.0755
   86.9157
   87.9608
   86.6106
   86.9714
   86.0515
   85.1287
   85.3139
   85.1470
   85.3662
   85.0676
   84.9221
   86.2344
   86.5750
   85.3663
   86.0353
   85.1797
   84.5553
   84.8483
   84.4010
   83.9944
   86.2090
   84.4848
   85.3793
   83.2702
   88.6714
   88.7275
   88.4490
   88.7281
   89.1766
   89.4389
   90.1747
   87.8034
   89.3640
   88.8381
   88.6218
   87.9690
   88.9771
   89.5140
   93.1977
   94.1017
   95.6609
   95.4432
   96.8272
   95.0518
   95.4589
   93.4343
   92.2032
   93.5814
   91.7386
   91.3968
   90.1696
   88.8359
   89.7655
   88.2098
   87.8041
   86.6928
   86.5930
   84.6562
   82.4027
   82.1446
   83.4997
   84.8425
   85.2621
   85.6308
   88.2238
   91.0933
   91.7100
   92.5085
   94.5062
   94.0122
   93.2125
   96.1007
   95.5021
   98.1208
  100.2986
  100.3762
  101.8514
  103.2679
  102.6756
  101.0961
  101.2968
  102.1202
  102.9526
   98.1718
   94.6442
   92.7829
   91.8679
   92.8892
   90.2288
   90.0613
   89.7691
   90.0508
   89.3211
   87.4760
   86.9551
   89.0983
   92.4599
   93.2032
   93.3694
   91.7024
   90.8294
   89.5360
   91.5434
   61.9946
   91.6982
   88.8925
   89.3886
   89.4839
   90.9150
   91.2600
   95.3081
   91.7002
   92.0084
   91.4025
   90.9325
   91.5189
   91.1448
   89.6528
   88.9713
   87.3319
   83.8651
   83.2414
   79.3433
   75.5968
   74.5177
   76.6355
   78.6794
   80.6379
   81.5563
   82.0879
   84.7169
   86.3253
   88.5398
   91.0694
   90.6338
   92.8720
   91.5271
   91.5687
   90.4053
   89.4203
   89.8246
   90.0456
   90.1353
   87.6559
   87.6583
   88.5486
   92.7280
   93.6855
   94.6834
   93.8310
   91.0591
   91.1697
   91.6828
   90.8128
   90.9531
   91.5388
   93.1876
   94.0530
   90.8272
   91.4715
   90.7632
   90.5640
   89.7546
   91.3540
   93.0071
   93.8236
   94.9533
   94.5503
   94.1500
   93.5772
   93.1424
   91.1844
   89.4255
   87.9427
   88.8719
   89.1756
   89.3202
   91.9928
   92.9401
   93.9207
   87.7712
   85.8487
   84.5459
   82.8321
   82.5193
   90.0320
   95.8025
   98.7795
   97.2899
   97.9126
   93.0794
   85.0879
   80.5770
   81.0360
   82.3936
   83.9127
   86.1923
   90.3448
   92.2608
   90.9007
   84.5542
   85.8351
   86.7188
   89.4141
   90.6768
   92.8131
   92.2107
   92.0908
   86.1567
   85.1705
   89.9944
   87.0446
   85.2832
   85.3724
   88.8213
   89.9717
   93.7505
   90.8910
   88.1541
   89.1441
   88.9341
   87.1181
   85.9462
   64.5962
   85.2152
   86.9833
   90.0874
   91.5646
   91.1418
   86.5660
   91.8893
   91.1475
   86.4763
   86.1085
   84.4492
   89.3073
   92.2239
   89.2486
   90.6784
   89.8965
   90.9810
   92.0308
   89.2244
   87.9489
   84.7686
   88.4222
   92.7167
   89.2271
   91.4222
   87.7739
   92.7242
   93.5289
   90.0159
   87.3229
   87.5748
   92.0070
   92.2076
   92.0108
   92.2954
   85.6604
   90.8926
   92.3346
   90.1928
   87.8026
   84.4575
   96.2339
   94.1773
   90.9628
   92.1203
   92.1617
   90.5645
   90.3521
   90.3729
   89.3792
   87.1045
   87.7880
   92.7910
   90.9199
   90.1337
   90.2150
   91.4023
   90.6477
   89.5289
   87.7738
   86.0986
   85.2192
   93.3960
   93.0273
   90.1970
   93.0321
   84.8198
   91.7250
   89.7919
   90.1510
   89.1186
   89.7044
   89.8592
   87.4180
   85.7863
   90.9855
   89.9990
   89.4052
   90.3272
   90.0566
   89.9477
   85.9184
   84.7291
   83.2274
   84.1470
   84.1115
   94.7818
   92.7102
   92.5124
   91.7623
   94.0311
   94.5597
   87.4189
   88.1091
   86.6337
   87.3643
   87.7382
   85.3810
   95.9399
   92.4231
   91.9587
   91.3005
   93.0748
   88.8314
   86.2231
   86.8377
   87.0560
   80.9624
   79.1673
   78.0252
   82.1180
   91.3257
   89.9033
   87.5458
   88.0301
   83.6966
   86.6625
   89.6047
   86.2442
   85.2774
   63.9030
  100.1740
   97.8540
   94.5452
   91.0895
   91.4200
   91.5256
   89.0997
   86.4324
   86.3234
   85.1341
   83.9174
   90.3607
   89.6525
   91.3890
   93.0845
   91.6453
   91.7747
   89.0798
   85.4497
   85.1759
   84.2830
   77.7574
   76.2155
   78.5190
   91.5926
   90.5305
   90.7902
   89.5003
   92.7309
   88.5896
   85.3466
   84.3973
   86.3298
   86.6574
   87.5302
   95.7640
   91.7794
   90.4086
   89.5797
   92.9688
   94.2552
   88.5200
   88.0080
   87.1441
   86.7913
   86.8929
   86.2012
   92.7942
   91.1662
   89.1748
   89.9639
   92.5128
   93.6696
   87.4385
   88.1938
   85.7233
   89.0377
   87.1260
   86.8347
   88.0276
   92.9787
   91.9346
   92.1363
   91.2430
   97.5628
   91.6662
   87.3332
   88.3968
   86.7864
   87.7814
   86.5701
   93.7462
   91.5914
   91.9419
   92.0637
   91.6506
   95.8600
   88.4935
   86.7238
   85.7996
   87.5683
   86.1383
   85.7610
   93.2475
   92.0899
   89.2588
   91.0208
   90.9655
   93.6944
   86.9876
   85.5726
   87.7546
   87.3619
   89.7984
   89.0088
   90.1684
   88.8830
   90.3839
   94.5171
   95.1470
   94.1468
   91.9314
   94.9566
   94.6938
   95.5732
   92.2964
   89.3585
   84.5213
   86.2576
   87.6419
   86.0892
   85.4470
   88.1523
   91.3690
   91.6070
   91.0419
   88.5354
   90.0137
   90.6591
   88.4345
   61.3465
   87.0053
   86.0719
   85.6185
   89.3346
   90.8882
   91.2060
   91.1420
   88.2584
   90.7682
   87.2395
   88.9375
   87.2328
   85.1380
   84.8954
   86.6921
   90.2542
   90.2928
   90.8460
   91.5570
   82.3242
   84.5572
   86.0040
   85.3664
   87.7503
   91.2309
   89.1982
   90.1658
   91.4323
   87.6020
   91.3082
   87.1911
   85.3045
   83.8135
   84.8582
   85.7771
   86.1368
   86.9203
   87.9263
   89.1111
   86.6761
   85.6323
   86.9078
   85.1694
   88.3053
   86.4299
   86.7158
   86.6090
   88.5766
   87.6843
   90.2420
   88.8404
   84.1978
   91.5508
   87.0313
   88.5012
   87.1130
   87.3805
   94.3045
   88.0124
   88.8556
   90.7225
   86.9689
   86.5788
   98.6740
   89.5807
   88.3668
   88.3513
   87.4352
   89.5077
   87.6390
   88.6489
   89.8897
   89.5453
   86.0412
   86.7870
   93.0082
   89.7344
   89.5410
   87.9887
   87.1350
   88.1461
   86.4577
   87.6382
   89.3785
   87.2920
   86.7054
   87.8693
   89.7290
   88.8798
   90.2129
   88.1315
   88.6992
   91.7197
   88.5055
   89.6919
   89.5753
   88.3765
   86.9362
   93.3255
   91.5494
   90.1907
   88.2823
   88.7051
   90.3503
   88.5055
   89.6802
   91.2892
   90.0012
   92.0409
   93.5100
   94.2249
   95.0969
   94.9700
   92.9283
   89.0677
   91.8520
   93.0663
   91.0961
   89.4498
   58.9468
   87.2445
   88.9706
   89.3914
   88.2394
   87.7467
   88.5834
   87.1604
   87.2820
   86.4425
   92.0222
   90.4999
   90.9454
   90.2128
   90.1283
   89.0888
   90.5913
   88.1324
   87.9718
   88.0296
   89.1543
   85.7622
   90.0958
   90.6209
   91.5063
   90.1992
   88.4104
   88.6633
   89.0623
   88.5028
   89.0842
   87.5785
   88.0268
   87.9283
   85.2187
   83.6106
   89.3665
   88.3000
   89.1761
   88.7616
   90.3088
   90.2514
   89.1329
   88.3837
   88.7142
   88.5493
   87.4893
   95.1921
   91.4256
   90.3548
   90.7541
   89.0281
   88.3383
   94.4139
   90.7399
   88.8026
   88.9192
   89.0649
   87.7901
   87.0540
   92.1118
   91.8288
   90.7109
   91.1978
   88.5719
   89.8469
   91.9712
   89.5889
   88.5668
   89.1582
   88.7040
   88.5995
   89.8065
   89.9663
   90.8938
   91.2224
   89.4031
   89.5945
   93.6166
   89.2651
   88.5079
   88.2398
   89.1416
   88.1590
   86.6998
   88.1836
   90.1037
   89.5078
   90.9777
   89.9530
   89.1695
   90.6765
   90.5813
   87.4335
   88.1002
   87.9895
   87.9376
   86.8911
   88.0795
   90.7619
   89.7597
   89.6484
   90.4235
   90.4650
   87.3117
   91.9932
   88.8321
   87.5167
   89.8301
   89.5669
   88.6417
   86.5149
   90.5475
   91.0036
   90.2960
   89.9291
   91.1803
   89.9154
   89.2725
   90.6308
   89.3026
   58.5212
   88.5070
   87.8306
   88.0877
   90.2806
   89.5565
   89.7604
   88.9183
   89.0017
   85.0456
   86.3823
   87.1143
   93.1864
   91.9352
   88.8267
   87.8299
   86.8305
   86.1005
   86.4433
   92.7586
   92.4289
   93.6625
   91.4176
   90.8203
   91.9360
   93.3592
   93.9720
   95.0077
   90.2093
   87.4151
   87.9391
   89.0774
   86.5599
   89.4789
   88.9359
   93.4114
   85.9960
   79.6653
   80.1168
   79.4628
   78.6678
   85.6041
   88.5892
   89.2946
   91.3591
   91.5365
   90.6514
   93.4895
   93.0755
   90.9972
   89.1046
   87.2761
   92.4822
   92.1848
   92.0725
   90.3455
   84.8685
   81.6152
   80.0588
   80.0489
   89.0839
   88.8057
   89.7152
   92.3788
   91.5080
   91.6620
   90.4192
   92.0425
   91.8848
   92.1289
   91.4560
   92.7511
   92.7309
   91.1334
   92.8112
   95.4068
   96.1944
   79.5944
   81.5378
   79.4827
   87.0264
   91.8039
   92.4566
   91.9601
   93.2330
   90.0609
   89.9184
   88.1767
   90.5808
   90.8300
   92.6934
   92.0638
   91.2561
   92.2148
   89.8011
   91.6154
   95.0862
   92.0835
   81.1154
   80.1688
   80.9478
   81.8210
   90.1041
   87.3208
   91.8363
   91.7807
   90.6026
   90.5877
   91.0969
   87.8181
   89.4625
   90.9528
   92.6566
   92.9433
   90.0954
   87.7812
   90.5541
   91.4923
   87.5064
   86.6019
   61.5685
   86.0135
   85.3286
   84.7547
   84.7012
   86.2955
   90.5857
   93.2159
   93.8398
   93.7887
   93.7705
   92.7249
   92.1823
   95.2720
   95.7779
   94.9056
   92.1515
   84.1858
   84.6790
   84.3827
   85.8931
   89.2653
   87.7604
   87.1827
   83.9293
   85.9731
   79.2255
   87.5393
   86.6558
   85.6520
   87.0485
   87.7395
   87.6766
   84.0475
   85.0956
   85.2032
   87.5486
   87.0278
   90.5700
   89.1001
   86.3332
   85.8409
   84.2800
   85.4659
   87.2241
   86.1349
   87.6923
   88.5379
   84.7487
   87.2804
   88.4079
   87.7155
   86.2709
   89.9976
   90.4092
   88.1477
   90.2249
   87.6994
   85.6254
   86.6536
   92.1344
   89.8781
   83.9348
   88.5825
   88.0551
   89.9239
   82.1129
   85.8824
   88.1867
   90.9439
   88.2129
   90.7431
   91.9914
   92.7278
   91.1605
   90.5647
   88.5744
   86.0641
   86.8287
   83.9563
   88.1716
   90.4772
   85.2078
   87.5635
   87.9187
   87.8998
   86.6011
   89.2865
   86.0970
   83.0708
   94.8607
   91.5027
   91.5305
   92.8969
   90.1114
   89.5854
   86.9123
   91.5205
   89.3470
   91.7383
   91.2509
   93.7778
   88.4291
   88.8074
   86.3139
   87.0111
   88.6259
   85.6025
   83.7153
   86.1054
   90.5661
   92.6315
   92.8514
   94.8072
   90.0725
   86.5474
   86.1430
   86.7781
   92.7430
   88.5667
   87.1302
   63.5363
   88.9371
   90.1224
   90.9611
   89.6811
   87.0963
   86.0433
   85.0840
   85.5500
   85.6624
   86.3520
   84.2279
   86.9167
   84.0100
   87.1803
   88.6087
   92.5165
   88.7998
   86.9075
   87.5493
   89.9654
   96.9008
   91.4053
   88.3159
   86.8680
   90.1420
   90.9336
   85.7042
   85.5212
   86.7849
   91.4420
   91.5390
   88.1784
   89.5767
   93.3261
   90.2762
   86.5040
   88.0209
   88.8151
   88.7764
   91.3147
   91.0479
   90.0721
   88.5114
   94.7851
   92.4820
   87.4375
   84.4226
   87.4002
   93.3799
   90.3228
   89.2886
   89.2325
   85.8396
   84.7244
   86.9487
   87.9785
   89.6276
   91.9437
   89.3381
   87.7118
   87.6682
   83.9798
   87.6617
   84.3738
   83.4894
   88.0278
   87.4161
   87.2021
   90.2035
   88.4844
   87.8277
   92.7315
   96.0285
   94.8285
   85.9917
   86.6095
   88.4194
   85.7987
   87.8760
   93.2736
   93.8941
   91.7193
   89.9383
   88.1128
   91.0582
   91.2716
   92.7999
   93.8771
   95.5879
   94.8031
   93.5503
   93.7933
   95.2752
   94.1309
   90.4075
   88.8951
   89.0827
   85.3070
   86.3041
   87.2943
   88.1173
   87.8069
   88.6217
   87.8509
   89.9257
   89.8796
   86.6478
   85.0627
   87.9931
   90.7855
   88.2289
   87.6322
   88.8153
   94.2407
   92.2744
   89.5164
   87.1138
   85.4914
   90.1875
   61.7080
   90.3834
   89.3128
   89.2019
   86.1167
   92.2715
   92.4837
   88.8321
   88.8043
   86.9892
   86.1102
   87.9902
   88.6793
   89.2408
   85.6903
   96.4816
   93.8851
   90.4289
   88.7070
   87.9977
   87.9496
   87.9528
   90.9909
   88.9971
   87.9328
   95.0498
   93.1656
   91.6186
   92.3527
   89.0572
   86.9040
   87.1269
   91.2848
   88.0030
   89.4022
   87.2517
   97.3485
   93.7398
   91.9953
   91.2524
   89.3778
   86.1089
   89.0487
   92.1871
   90.9086
   91.9591
   97.5894
   88.3695
   86.7185
   88.9754
   92.0669
   92.1360
   93.0715
   92.7031
   91.7882
   90.1692
   90.4023
   88.3077
   87.9783
   88.5370
   89.0824
   88.8018
   89.9561
   91.0869
   88.8405
   89.3428
   87.4379
   83.6496
   85.7513
   90.1228
   89.4801
   86.1142
   87.4411
   90.2725
   93.4496
   90.1904
   87.5634
   84.1388
   84.5430
   92.9355
   87.0671
   85.6898
   87.8143
   90.7544
   91.5031
   89.1351
   86.9152
   85.2816
   84.6550
   81.8255
   90.5207
   88.1800
   84.4973
   89.2343
   89.8763
   90.7937
   88.9129
   87.2831
   85.5467
   84.0442
   92.7204
   90.5423
   85.6722
   86.6254
   86.4533
   91.0910
   92.2893
   89.5592
   87.7144
   85.5213
   84.1569
   91.3826
   92.1452
   89.4901
   85.8352
   84.3248
   79.9475
   81.4291
   88.9574
   89.3373
   90.2783
   60.4278
   90.7985
   88.0427
   91.0740
   88.5206
   87.9302
   92.2550
   92.8992
   94.7898
   95.2751
   95.7574
   96.4080
   83.0510
   82.1251
   82.7465
   83.5517
   82.9287
   97.8293
   97.6690
   99.3197
   88.8836
   75.9061
   77.2549
   81.5998
   93.3437
   96.7900
   95.9943
   75.2678
   75.1406
   80.4034
   96.6611
   97.8282
   90.3654
   78.3951
   81.1721
   82.0901
   83.2354
   83.5834
   85.4786
   83.2154
   84.3174
   84.7344
   93.2207
   93.4411
   96.0245
   95.8116
   95.8448
   94.6889
   94.4441
   92.3732
   93.1202
   93.8549
   93.7829
   92.1192
   93.2950
   93.1825
   93.9188
   92.0786
   92.1167
   92.2896
   92.7423
   92.2289
   91.6728
   90.9741
   91.5327
   90.6207
   89.2504
   91.0632
   91.3809
   92.9499
   91.0533
   92.0215
   90.2146
   91.2149
   89.7689
   90.0998
   90.6135
   90.3354
